0.0422562893082
0.223663522013
0.286753144654
0.326896619497
0.347798742138
0.367400419287
0.381317385445
0.392688679245
0.401511180992
0.409099842767
0.414504716981
0.414095256813
0.419977624577
0.425328504043
0.428655660377
0.432905856918
0.435950795413
0.438755677848
0.443075554452
0.447169811321
0.445043426176
0.449363922241
0.446463973202
0.452650026205
0.46268081761
0.470685171746
0.478307710226
0.486873876909
0.494056332683
0.502338836478
0.504457039968
0.510496511399
0.516705974843
0.522405660377
0.52802672956
0.53080232355
0.530065442801
0.530603483946
0.536274391227
0.538315644654
0.547523584906
0.557694575472
0.563374606918
0.572567806604
0.573019850629
0.576980149371
0.585686910377
0.594865369497
0.604318985849
0.613659591195
0.623211477987
0.633230149371
0.642546187107
0.652034198113
0.661895636792
0.67043533805
0.678655660377
0.684895833333
0.684836871069
0.689480149371
0.700108097484
0.708131878931
0.717678852201
0.716971305031
0.722685731132
0.729888954403
0.73689072327
0.73903793239
0.731662735849
0.737023388365
0.74435927673
0.749715015723
0.755797955975
0.759777908805
0.764598073899
0.77114288522
0.779756289308
0.789897798742
0.794226611635
0.802957940252
0.816278498428
0.815438286164
0.813148584906
0.815030463836
0.82360947327
0.831500589623
0.823275353774
0.818145636792
0.814524371069
0.804741548742
0.799528301887
0.803665487421
0.797386006289
0.794978380503
0.796929048742
0.789440841195
0.79204009434
0.797774174528
0.798879716981
0.79440841195
0.783122051887
0.770454992138
0.766470125786
0.769565644654
0.758244889937
0.746152712264
0.737121658805
0.738738207547
0.752299528302
0.745612224843
0.748324488994
0.74606918239
0.746472091195
0.741720715409
0.741022995283
0.730478577044
0.719020243711
0.70405365566
0.691573309748
0.679314072327
0.679038915094
0.683913128931
0.694545990566
0.696133058176
0.688138757862
0.674739583333
0.674420204403
0.670656446541
0.665728183962
0.672371265723
0.672184551887
0.671545794025
0.68059158805
0.685573899371
0.685146422956
0.692487224843
0.693150550314
0.690354756289
0.691701061321
0.690359669811
0.704205974843
0.719639347484
0.721845518868
0.714981328616
0.712942216981
0.702284787736
0.688315644654
0.667280856918
0.644295400943
0.628031643082
0.604358294025
0.584458529874
0.560686910377
0.544221698113
0.522975628931
0.511807193396
0.503414897799
0.495961084906
0.486807193396
0.476351218553
0.454520440252
0.431667649371
0.408328419811
0.38586379717
0.374567610063
0.365246658805
0.354171580189
0.342786949686
0.330625982704
0.313482704403
0.298177083333
0.274936124214
0.251346305031
0.227648388365
0.213748034591
0.217462657233
0.218243907233
0.221368907233
0.227019457547
0.224484080189
0.219855542453
0.217565841195
0.217467570755
0.222513757862
0.222916666667
0.230056014151
0.239686517296
0.253375589623
0.276881878931
0.300014740566
0.315757665094
0.335342963836
0.350525746855
0.37114288522
0.388163325472
0.403213443396
0.415236831761
0.433790290881
0.452500982704
0.473555424528
0.486684355346
0.503321540881
0.516725628931
0.524906643082
0.549208922956
0.573162342767
0.589578419811
0.613679245283
0.637111831761
0.65385711478
0.677063679245
0.693469929245
0.717271029874
0.740010809748
0.75402908805
0.754230542453
0.754181407233
0.749272798742
0.747042059748
0.751365959119
0.756485849057
0.758539701258
0.765570951258
0.774498820755
0.788580974843
0.791966391509
0.802373231132
0.812460691824
0.812278891509
0.802250393082
0.799990172956
0.803665487421
0.812190448113
0.815792059748
0.821039701258
0.828920990566
0.839018278302
0.837362421384
0.841607704403
0.831338443396
0.837740762579
0.834247248428
0.842885220126
0.858225235849
0.850471698113
0.839863404088
0.837396816038
0.830635809748
0.831358097484
0.838310731132
0.836021029874
0.837794811321
0.823068985849
0.82424331761
0.818607507862
0.807291666667
0.802830188679
0.807881289308
0.812834119497
0.823309748428
0.823275353774
0.823756878931
0.823973073899
0.820376375786
0.809330778302
0.814367138365
0.816705974843
0.809532232704
0.798216391509
0.808903301887
0.804633451258
0.799479166667
0.796496658805
0.79448211478
0.794516509434
0.793307783019
0.793912146226
0.791145833333
0.787111831761
0.799493907233
0.801881878931
0.800515919811
0.801449488994
0.800737028302
0.80852004717
0.819177476415
0.828464033019
0.833048349057
0.833156446541
0.828577044025
0.831697130503
0.83654677673
0.848481721698
0.847813482704
0.843062106918
0.853129913522
0.85786163522
0.853527908805
0.847852790881
0.847150157233
0.846580188679
0.843484669811
0.84282134434
0.846447523585
0.857532429245
0.864986242138
0.866072130503
0.873196737421
0.885220125786
0.884291470126
0.895425511006
0.899764150943
0.903021816038
0.904908608491
0.903852201258
0.905847091195
0.906574292453
0.915541470126
0.918538718553
0.915074685535
0.904913522013
0.908264544025
0.903277319182
0.90385711478
0.902672955975
0.90244202044
0.901424921384
0.891420990566
0.888998624214
0.893671383648
0.884954795597
0.875545400943
0.866671580189
0.867462657233
0.879038915094
0.880051100629
0.880232900943
0.884581367925
0.888251768868
0.883254716981
0.876857311321
0.879815251572
0.872444968553
0.871658805031
0.871722680818
0.864499803459
0.858583922956
0.855586674528
0.855110062893
0.856092767296
0.86003341195
0.849793632075
0.839170597484
0.830429441824
0.830286949686
0.830036360063
0.828316627358
0.81474547956
0.815900157233
0.811075078616
0.817860652516
0.824262971698
0.828311713836
0.826803262579
0.82575668239
0.825884433962
0.827648388365
0.839784787736
0.82810043239
0.815895243711
0.812676886792
0.821663718553
0.832041077044
0.819614779874
0.817688679245
0.816322720126
0.81081466195
0.807517688679
0.804746462264
0.801950668239
0.802638561321
0.798073899371
0.800604363208
0.793076847484
0.789961674528
0.794978380503
0.792329992138
0.78981918239
0.78293533805
0.781240172956
0.779545007862
0.789740566038
0.798904284591
0.806254913522
0.797081367925
0.785416666667
0.773353970126
0.786689268868
0.786404284591
0.784625589623
0.788856132075
0.778739190252
0.766391509434
0.754328812893
0.739141116352
0.723806014151
0.717924528302
0.712603183962
0.72248427673
0.731780660377
0.732866548742
0.728233097484
0.728036556604
0.716450471698
0.695115959119
0.67341293239
0.655498231132
0.635352790881
0.617094143082
0.602574685535
0.605778301887
0.609139150943
0.612313286164
0.615040290881
0.61076552673
0.608534787736
0.61418533805
0.617649371069
0.619713050314
0.615222091195
0.602147209119
0.58732802673
0.575520833333
0.562745676101
0.567678852201
0.579884040881
0.584217767296
0.570327240566
0.570268278302
0.580552279874
0.58059158805
0.585947327044
0.585053066038
0.589318003145
0.60395538522
0.59611831761
0.600348860063
0.605164111635
0.608529874214
0.608367727987
0.619369103774
0.625663325472
0.622842963836
0.644742531447
0.654034001572
0.672852790881
0.695739976415
0.719349449686
0.743371658805
0.766592963836
0.770813679245
0.772268081761
0.774204009434
0.779771029874
0.785834316038
0.790394064465
0.79311615566
0.794108687107
0.798982900943
0.805021619497
0.819663915094
0.836286360063
0.849616745283
0.863369693396
0.87041077044
0.866047562893
0.875284984277
0.889342570755
0.884954795597
0.870818592767
0.867256289308
0.868907232704
0.881815055031
0.881761006289
0.869590212264
0.887436124214
0.888959316038
0.878449292453
0.878901336478
0.880532625786
0.878596698113
0.87814956761
0.88120086478
0.883018867925
0.884704205975
0.883883647799
0.873648781447
0.873177083333
0.871889740566
0.870243710692
0.868469929245
0.858524960692
0.859104756289
0.852933372642
0.854456564465
0.844590212264
0.845155267296
0.846098663522
0.846393474843
0.846398388365
0.840620086478
0.834930227987
0.83505797956
0.835524764151
0.835136595912
0.839661949686
0.839593160377
0.829068396226
0.83344634434
0.834286556604
0.829574488994
0.827427279874
0.828842374214
0.832650353774
0.847331957547
0.851852397799
0.849361242138
0.855070754717
0.853616352201
0.854299331761
0.842280856918
0.830365566038
0.818980935535
0.803842374214
0.802147209119
0.798747051887
0.806023977987
0.803439465409
0.803773584906
0.803901336478
0.798466981132
0.793474842767
0.785308569182
0.776213639937
0.764475235849
0.77253341195
0.771609669811
0.766199882075
0.765462853774
0.765320361635
0.77106918239
0.764548938679
0.755856918239
0.747695558176
0.738472877358
0.721349253145
0.706918238994
0.710505110063
0.710028498428
0.722499017296
0.729893867925
0.727461674528
0.727844929245
0.732566823899
0.731756092767
0.722739779874
0.709935141509
0.698118121069
0.690998427673
0.683893474843
0.687195361635
0.691081957547
0.688905267296
0.695391116352
0.706240172956
0.71235259434
0.700987617925
0.691927083333
0.682606132075
0.669565644654
0.670022602201
0.68288620283
0.679800511006
0.695396029874
0.706844536164
0.706520243711
0.702633647799
0.692339819182
0.676680424528
0.661153694969
0.649189268868
0.646413128931
0.654181407233
0.662431210692
0.65998427673
0.677029284591
0.690143474843
0.694762185535
0.687180621069
0.672145243711
0.661055424528
0.65795990566
0.651302083333
0.639755306604
0.637519654088
0.645705581761
0.654987224843
0.670032429245
0.678326454403
0.66945754717
0.666956564465
0.664273781447
0.671879913522
0.668504323899
0.669487028302
0.671983097484
0.68525452044
0.697297562893
0.703125
0.714504716981
0.714101808176
0.709085102201
0.705852004717
0.695602397799
0.694256092767
0.69384827044
0.698648781447
0.711856328616
0.728488600629
0.742718160377
0.74699783805
0.759306210692
0.759812303459
0.759532232704
0.768971108491
0.76650452044
0.767575668239
0.770042256289
0.778547562893
0.787819378931
0.797955974843
0.805586674528
0.809753341195
0.817865566038
0.818769654088
0.820509040881
0.822995283019
0.822833136792
0.821000393082
0.826935927673
0.825284984277
0.829318985849
0.829977397799
0.837637578616
0.831770833333
0.831790487421
0.833151533019
0.831466194969
0.832434158805
0.83220322327
0.837701454403
0.844541077044
0.847390919811
0.849076257862
0.84521422956
0.842855738994
0.842551100629
0.844143081761
0.843912146226
0.84438384434
0.852014544025
0.85075668239
0.84992629717
0.849867334906
0.844285573899
0.838983883648
0.832016509434
0.822906839623
0.809959709119
0.80017197327
0.801557586478
0.80458922956
0.802235652516
0.803940644654
0.790968946541
0.781456367925
0.772179638365
0.760647602201
0.739598073899
0.726523191824
0.717393867925
0.716126179245
0.720332154088
0.72333922956
0.731525157233
0.731628341195
0.73188384434
0.728655660377
0.728862028302
0.732581564465
0.729068396226
0.729112617925
0.73606033805
0.740045204403
0.735691823899
0.727800707547
0.72719634434
0.72822327044
0.728468946541
0.728709709119
0.727279874214
0.730660377358
0.729854559748
0.721398388365
0.721491745283
0.728812893082
0.736030856918
0.744963639937
0.752132468553
0.76799331761
0.766411163522
0.76791961478
0.763698899371
0.765954205975
0.780512971698
0.786708922956
0.790826454403
0.804117531447
0.827353577044
0.851012185535
0.874764150943
0.883023781447
0.885627948113
0.886979166667
0.887038128931
0.885819575472
0.885514937107
0.890433372642
0.893229166667
0.892546187107
0.888698899371
0.885544418239
0.889833922956
0.89450668239
0.904407429245
0.917133451258
0.918057193396
0.917929441824
0.917295597484
0.909812303459
0.902545204403
0.90068297956
0.902383058176
0.902898977987
0.906687303459
0.907242531447
0.907159001572
0.907109866352
0.912775157233
0.912696540881
0.913369693396
0.910726218553
0.919909591195
0.919698309748
0.904751375786
0.892531446541
0.888802083333
0.882159001572
0.880311517296
0.879618710692
0.873147602201
0.870671187107
0.860455974843
0.856328616352
0.851641116352
0.849415290881
0.836320754717
0.829579402516
0.826031839623
0.814072327044
0.811281446541
0.79045302673
0.766705974843
0.742428262579
0.718779481132
0.695504127358
0.671531053459
0.648245872642
0.625481525157
0.609527319182
0.594074292453
0.572130503145
0.558136792453
0.552078419811
0.549464426101
0.541583136792
0.526714819182
0.524705188679
0.520636792453
0.517718160377
0.508780463836
0.50871658805
0.504142099057
0.488851218553
0.503070951258
0.517904874214
0.523943592767
0.522931407233
0.524375982704
0.525211281447
0.526380699686
0.524602004717
0.532527515723
0.525628930818
0.522725039308
0.52512283805
0.538148584906
0.544880110063
0.547145243711
0.552835102201
0.551852397799
0.560593553459
0.569256092767
0.592929441824
0.616249017296
0.634085102201
0.657945165094
0.680729166667
0.704038915094
0.728351022013
0.751523191824
0.775697720126
0.786301100629
0.800643671384
0.805399960692
0.813271422956
0.828292059748
0.828611438679
0.832247444969
0.826316823899
0.824130306604
0.825294811321
0.829967570755
0.845852987421
0.847248427673
0.847769261006
0.852840015723
0.852112814465
0.837676886792
0.837445951258
0.832522602201
0.836753144654
0.83893966195
0.850206367925
0.857424331761
0.858352987421
0.856731525157
0.856692216981
0.858382468553
0.865040290881
0.876424921384
0.890639740566
0.906141902516
0.906726611635
0.906972287736
0.911433765723
0.911610652516
0.910342963836
0.910411753145
0.910406839623
0.911399371069
0.911517295597
0.914298349057
0.907827240566
0.906672562893
0.902864583333
0.901989976415
0.900663325472
0.901208726415
0.886699095912
0.899233490566
0.901262775157
0.901184158805
0.901056407233
0.899778891509
0.897921580189
0.894811320755
0.903645833333
0.913752948113
0.914052672956
0.923948506289
0.923697916667
0.919776926101
0.915595518868
0.912421383648
0.911964426101
0.913625196541
0.911364976415
0.910161163522
0.910249606918
0.908185927673
0.909360259434
0.907159001572
0.90717865566
0.90720322327
0.908736242138
0.908122051887
0.907512775157
0.907385023585
0.906937893082
0.894423152516
0.890944378931
0.885903105346
0.883461084906
0.886581171384
0.887613011006
0.886227397799
0.889214819182
0.887701454403
0.907498034591
0.902284787736
0.898850235849
0.898378537736
0.898123034591
0.898260613208
0.900088443396
0.904697327044
0.90295302673
0.907674921384
0.907571737421
0.907876375786
0.893745086478
0.891293238994
0.891725628931
0.886016116352
0.879599056604
0.87810043239
0.876523191824
0.875039308176
0.873619300314
0.870307586478
0.865163128931
0.862760416667
0.847734866352
0.832370283019
0.826911360063
0.803655660377
0.783210495283
0.76008254717
0.737185534591
0.725987617925
0.706073113208
0.688531839623
0.673742138365
0.650329205975
0.628960298742
0.607974646226
0.585048152516
0.563389347484
0.544108687107
0.525913915094
0.505665290881
0.482856721698
0.459311124214
0.437229756289
0.41403793239
0.390448113208
0.368332350629
0.344973466981
0.32172759434
0.298221305031
0.289465408805
0.272096108491
0.252623820755
0.238035573899
0.221088836478
0.199159787736
0.179682586478
0.159144064465
0.136910377358
0.120204402516
0.101808176101
0.0823702830189
0.0739239386792
0.0660623034591
0.0477496069182
0.0473172169811
0.0467079402516
0.046496658805
0.0463689072327
0.0463689072327
0.0464573506289
0.0467128537736
0.0647405660377
0.0882566823899
0.112386988994
0.134895833333
0.157272012579
0.180242727987
0.193425707547
0.217045007862
0.240615172956
0.264190251572
0.28815841195
0.310686910377
0.334173545597
0.357694575472
0.37407134434
0.394968553459
0.418086674528
0.441362028302
0.46411163522
0.487721108491
0.510554245283
0.534433962264
0.558461084906
0.582159001572
0.60405365566
0.627181603774
0.650520833333
0.673914111635
0.697577633648
0.720754716981
0.735234866352
0.756402319182
0.779436910377
0.803473860063
0.826881878931
0.850329205975
0.872174724843
0.886993907233
0.908927869497
0.932011595912
0.937431210692
0.932272012579
0.926503537736
0.924764150943
0.923231132075
0.923491548742
0.933382468553
0.933279284591
0.933382468553
0.932822327044
0.932807586478
0.930969929245
0.92807586478
0.921909394654
0.924007468553
0.919206957547
0.919344536164
0.919698309748
0.920179834906
0.920224056604
0.920430424528
0.919290487421
0.919162735849
0.919049724843
0.917526533019
0.916165487421
0.916647012579
0.916558569182
0.916627358491
0.91706466195
0.914150943396
0.910873624214
0.900289897799
0.892443003145
0.883721501572
0.86857802673
0.862200275157
0.862111831761
0.857556996855
0.856132075472
0.856284394654
0.860588639937
0.860048152516
0.858441430818
0.851867138365
0.84753341195
0.831967374214
0.825452044025
0.812514740566
0.795705581761
0.778242924528
0.768086674528
0.764101808176
0.761384630503
0.761193003145
0.75322327044
0.747621855346
0.742590408805
0.741396422956
0.738851218553
0.734620676101
0.726257861635
0.712794811321
0.698073899371
0.695705581761
0.688924921384
0.684586281447
0.684605935535
0.68442413522
0.681682389937
0.693165290881
0.698088639937
0.707625786164
0.705183765723
0.705060927673
0.706623427673
0.711630306604
0.708171187107
0.701832743711
0.702024371069
0.701179245283
0.686802279874
0.68190841195
0.674941037736
0.682527515723
0.686679441824
0.702397798742
0.709055621069
0.721978183962
0.739263954403
0.756510416667
0.769256092767
0.77587952044
0.778129913522
0.783038522013
0.794801493711
0.80014740566
0.805272209119
0.804938089623
0.800206367925
0.803522995283
0.813015919811
0.825044221698
0.839946933962
0.843715605346
0.851223466981
0.855360652516
0.852967767296
0.845695754717
0.84907134434
0.849439858491
0.843420794025
0.836237224843
0.844005503145
0.852923545597
0.863983883648
0.866715801887
0.871137971698
0.882311320755
0.882822327044
0.878773584906
0.892339819182
0.901719732704
0.912996265723
0.905763561321
0.901935927673
0.889047759434
0.884389740566
0.877461674528
0.862853773585
0.862902908805
0.863079795597
0.863246855346
0.869541077044
0.865354756289
0.865738011006
0.865964033019
0.865841194969
0.866293238994
0.871319772013
0.872101022013
0.868784394654
0.866843553459
0.862406643082
0.859802476415
0.860195558176
0.859802476415
0.862396816038
0.869963639937
0.869737617925
0.86960495283
0.876071147799
0.883269457547
0.873894457547
0.861148781447
0.854181407233
0.846088836478
0.830601415094
0.808352987421
0.809139150943
0.814219732704
0.806746265723
0.79987716195
0.797430227987
0.798054245283
0.802137382075
0.798919025157
0.78981918239
0.794948899371
0.808662539308
0.793764740566
0.79287047956
0.779987224843
0.763738207547
0.759836871069
0.754510613208
0.754377948113
0.746305031447
0.740168042453
0.742487224843
0.735116941824
0.730724253145
0.719609866352
0.717020440252
0.713782429245
0.711369889937
0.71154677673
0.709630503145
0.692035180818
0.690801886792
0.690954205975
0.688237028302
0.689760220126
0.69055129717
0.697572720126
0.696103577044
0.687136399371
0.687460691824
0.687514740566
0.664318003145
0.640654481132
0.641475039308
0.640394064465
0.629825078616
0.627137382075
0.619015330189
0.634694378931
0.639440841195
0.636330581761
0.636944772013
0.65173447327
0.652569772013
0.662175707547
0.67746658805
0.682385023585
0.690826454403
0.691209709119
0.676080974843
0.67824783805
0.678090605346
0.669349449686
0.670391116352
0.683200668239
0.679820165094
0.686114386792
0.688969143082
0.689558765723
0.687829205975
0.70532134434
0.706682389937
0.70407822327
0.702889150943
0.702432193396
0.71313384434
0.70844634434
0.717433176101
0.728120086478
0.734753341195
0.757350628931
0.775678066038
0.77592865566
0.784370086478
0.794310141509
0.807124606918
0.816784591195
0.812254323899
0.801832743711
0.811104559748
0.815836281447
0.816126179245
0.811448506289
0.811443592767
0.810038325472
0.809296383648
0.811502555031
0.81184158805
0.81174331761
0.835220125786
0.840448113208
0.840708529874
0.857016509434
0.860185731132
0.860151336478
0.869708136792
0.866155660377
0.85793533805
0.848108294025
0.846147798742
0.84594634434
0.845695754717
0.84836379717
0.850741941824
0.847272995283
0.827530463836
0.837578616352
0.83127456761
0.832321147799
0.838551493711
0.830581761006
0.831230345912
0.853714622642
0.85222091195
0.850963050314
0.850614190252
0.851724646226
0.863467963836
0.874385809748
0.874135220126
0.871860259434
0.868573113208
0.873152515723
0.872499017296
0.874872248428
0.876351218553
0.87429245283
0.870911949686
0.869673742138
0.865590605346
0.861984080189
0.855198506289
0.853242924528
0.855827437107
0.856004323899
0.855311517296
0.854623624214
0.861129127358
0.869305227987
0.871064268868
0.869619693396
0.867929441824
0.866150746855
0.864912539308
0.866691234277
0.884738600629
0.883092570755
0.888630110063
0.891298152516
0.898781446541
0.904142099057
0.904274764151
0.892462657233
0.879928262579
0.870160180818
0.863202633648
0.85625
0.842924528302
0.833348073899
0.818238993711
0.805385220126
0.801970322327
0.794835888365
0.783077830189
0.769614779874
0.760264347484
0.753375589623
0.739077240566
0.723073899371
0.711615566038
0.698948506289
0.69362716195
0.68659591195
0.677815448113
0.663595715409
0.65607802673
0.654451650943
0.647813482704
0.640679048742
0.629746462264
0.618145636792
0.606058372642
0.591047562893
0.580537539308
0.563369693396
0.546501572327
0.533785377358
0.519821147799
0.510421580189
0.497567806604
0.485652515723
0.470091391509
0.466131092767
0.466018081761
0.459026139937
0.448054245283
0.440158215409
0.436438679245
0.434075275157
0.430223073899
0.434895833333
0.425304638365
0.420631878931
0.420597484277
0.422793828616
0.414563679245
0.405488404088
0.408161360063
0.405925707547
0.403640919811
0.401302083333
0.395764544025
0.388895440252
0.38420302673
0.384827044025
0.381942806604
0.371010220126
0.364622641509
0.359370086478
0.361507468553
0.361728577044
0.360323309748
0.359866352201
0.356122248428
0.360922759434
0.365138561321
0.365163128931
0.366745283019
0.363600628931
0.363772602201
0.363320558176
0.36721206761
0.367998231132
0.36623427673
0.368189858491
0.370553262579
0.369246265723
0.370975825472
0.366651926101
0.36935927673
0.359050707547
0.357866548742
0.352063679245
0.343499410377
0.336016116352
0.332841981132
0.328970125786
0.320292845912
0.316951650943
0.312072523585
0.307979559748
0.302987421384
0.295322327044
0.285947327044
0.278385416667
0.267516705975
0.26232802673
0.254122444969
0.245179834906
0.234664897799
0.224788718553
0.21728577044
0.211566430818
0.205699685535
0.197263168239
0.1890625
0.181092767296
0.173157429245
0.165438286164
0.15791077044
0.150343946541
0.14299331761
0.135514937107
